[ZONE_0]
DETECTION=0.0689583
START=0.103804
END=0.229112

[ZONE_1]
DETECTION=0.82616
START=0.887393
END=0.0281544